       0
      45
      88
      37
      23
      10
      97
    8452
    6789
    4754
    4931
    5089
    4976
    5121
    5072
    5325
    5350
    5431
    5346
    5498
    5704
    5807
    5645
    5905
    5957
    6061
    6111
    6166
    6278
    6477
    6470
    6546
    6797
    7109
    7416
    7447
    7702
    8083
    7971
    8144
    8242
    8442
    8625
    8753
    8863
    8992
    9125
    9067
    8985
    8934
    8930
    8916
    9052
    9047
    8942
    9344
    9358
    9593
    9658
    9878
   10203
   10538
   10635
   11049
   11559
   11731
   12110
   12505
   12857
   13076
   13553
   13973
   14568
   15086
   15782
   16439
   17206
   17477
   18226
   18639
   19801
   20199
   20920
   21600
   22227
   23003
   23952
   24456
   24816
   25926
   26746
   27262
   27600
   28336
   29201
   30058
   30864
   31436
   32304
   32735
   33589
   34092
   34620
   34929
   35551
   35593
   36072
   35924
   36162
   36122
   36277
   36259
   36237
   36175
   36405
   36787
   36414
   36876
   36937
   36942
   37171
   37024
   36908
   36919
   36792
   36987
   36817
   36901
   36694
   36535
   36689
   36555
   36503
   36130
   36123
   35787
   36123
   36050
   36103
   35606
   35663
   35802
   35621
   35564
   35386
   35432
   35227
   34722
   34906
   34872
   34546
   34373
   34191
   34230
   34118
   34258
   33782
   34056
   33677
   33593
   33455
   33390
   32994
   32950
   33007
   32496
   32654
   32215
   31738
   31983
   31362
   31596
   31385
   30838
   30723
   30488
   30666
   30566
   30306
   29888
   29720
   29262
   28993
   28832
   28858
   28744
   28101
   28547
   27964
   28128
   27928
   27485
   27306
   26839
   26627
   26786
   26436
   26289
   26073
   25769
   25514
   25455
   25419
   25014
   24970
   24593
   24452
   24041
   24260
   24146
   23780
   23602
   23203
   23155
   23199
   23238
   22754
   22337
   22374
   22187
   22263
   21740
   21878
   22035
   21234
   21688
   21348
   21320
   21071
   21230
   20851
   20858
   20779
   20669
   20157
   20377
   20042
   20129
   19786
   19751
   19482
   19403
   19143
   19180
   18707
   18840
   18673
   18233
   18239
   18167
   18220
   17939
   17992
   17832
   17568
   17583
   17366
   17451
   17501
   17031
   17074
   16768
   16910
   16731
   16546
   16374
   16290
   16200
   16038
   15916
   16010
   15753
   15657
   15797
   15745
   15634
   15507
   15610
   15490
   15339
   15306
   15239
   15301
   15151
   15006
   15381
   14921
   15237
   15201
   15207
   15177
   15000
   14905
   14974
   15129
   14911
   14730
   14537
   14615
   14443
   14353
   14388
   13961
   13919
   13860
   13721
   13465
   13433
   13272
   12936
   12634
   12471
   12448
   12387
   12117
   11830
   11810
   11637
   11417
   11168
   10947
   10969
   10971
   10657
   10562
   10292
   10124
   10267
   10190
   10053
    9778
    9820
    9864
    9665
    9531
    9490
    9426
    9525
    9272
    9474
    9303
    9316
    9195
    9209
    9163
    9023
    8869
    8892
    8791
    8926
    8909
    8949
    8862
    8805
    8757
    8757
    8591
    8650
    8436
    8594
    8462
    8465
    8556
    8392
    8231
    8241
    8277
    8227
    8066
    7943
    8089
    7879
    7823
    7780
    7756
    7522
    7591
    7642
    7439
    7279
    7308
    7316
    7292
    7118
    7106
    6882
    6923
    6806
    6777
    6811
    6727
    6759
    6654
    6468
    6516
    6383
    6469
    6353
    6393
    6361
    6379
    6317
    6324
    6396
    6269
    6349
    6433
    6146
    6174
    6333
    6175
    6272
    6425
    6354
    6156
    6240
    6333
    6142
    6251
    6260
    6104
    6203
    6354
    6245
    6233
    6292
    6235
    6274
    6302
    6224
    6335
    6139
    6197
    6185
    6067
    5983
    5781
    5865
    5986
    5917
    5797
    5668
    5557
    5553
    5567
    5432
    5279
    5221
    5292
    5126
    5065
    5058
    4927
    4882
    4840
    4714
    4483
    4599
    4463
    4428
    4504
    4397
    4337
    4243
    4207
    4206
    4064
    4077
    4047
    3958
    3974
    3944
    3897
    3801
    3791
    3821
    3836
    3709
    3804
    3763
    3710
    3678
    3736
    3684
    3654
    3507
    3635
    3582
    3617
    3570
    3688
    3607
    3515
    3481
    3462
    3351
    3368
    3526
    3485
    3479
    3405
    3330
    3357
    3395
    3334
    3393
    3358
    3190
    3208
    3286
    3220
    3204
    3180
    3129
    3116
    3196
    3123
    3134
    3103
    3106
    3101
    3115
    3016
    3061
    3130
    2937
    2931
    2907
    2964
    3019
    3057
    2943
    3066
    2899
    2924
    2970
    2952
    2838
    2942
    2859
    2783
    2873
    2943
    2880
    2851
    2832
    2746
    2812
    2783
    2816
    2807
    2772
    2817
    2826
    2821
    2742
    2785
    2789
    2743
    2709
    2714
    2731
    2743
    2671
    2664
    2712
    2717
    2677
    2645
    2637
    2721
    2543
    2665
    2514
    2620
    2605
    2469
    2664
    2590
    2526
    2593
    2500
    2583
    2509
    2620
    2516
    2449
    2490
    2440
    2584
    2465
    2388
    2480
    2500
    2506
    2409
    2422
    2541
    2512
    2575
    2454
    2456
    2472
    2582
    2520
    2330
    2433
    2396
    2483
    2440
    2490
    2415
    2366
    2425
    2480
    2399
    2495
    2395
    2382
    2367
    2397
    2418
    2427
    2400
    2392
    2385
    2363
    2311
    2406
    2312
    2344
    2326
    2293
    2270
    2351
    2314
    2260
    2246
    2199
    2251
    2241
    2197
    2158
    2198
    2161
    2124
    2053
    2145
    2160
    2184
    2168
    2023
    2025
    2083
    2081
    2048
    2043
    1999
    1976
    2056
    1996
    2057
    2030
    1955
    2056
    2132
    2094
    2026
    1961
    1964
    1941
    1985
    1906
    2048
    1996
    1988
    2044
    2064
    2046
    2046
    2124
    2082
    2029
    2108
    2117
    2051
    2061
    2143
    2153
    2196
    2166
    2132
    2224
    2149
    2151
    2223
    2241
    2266
    2168
    2229
    2228
    2262
    2341
    2300
    2324
    2329
    2368
    2381
    2490
    2415
    2508
    2362
    2361
    2472
    2424
    2512
    2496
    2444
    2341
    2400
    2404
    2443
    2528
    2405
    2399
    2355
    2448
    2527
    2465
    2422
    2409
    2401
    2303
    2404
    2447
    2389
    2347
    2342
    2377
    2344
    2309
    2287
    2189
    2183
    2346
    2224
    2231
    2239
    2064
    2073
    2001
    2080
    1994
    2040
    1995
    1889
    1887
    1908
    1794
    1818
    1782
    1790
    1847
    1729
    1746
    1699
    1587
    1668
    1583
    1624
    1644
    1575
    1641
    1498
    1495
    1517
    1491
    1433
    1443
    1441
    1436
    1450
    1394
    1400
    1486
    1327
    1365
    1391
    1346
    1379
    1336
    1314
    1333
    1281
    1368
    1349
    1316
    1261
    1254
    1260
    1271
    1349
    1309
    1290
    1316
    1244
    1296
    1262
    1282
    1247
    1260
    1230
    1222
    1236
    1257
    1209
    1276
    1196
    1202
    1184
    1145
    1223
    1219
    1218
    1172
    1196
    1224
    1177
    1229
    1207
    1192
    1143
    1161
    1142
    1143
    1220
    1202
    1169
    1159
    1170
    1182
    1204
    1163
    1162
    1144
    1166
    1197
    1142
    1205
    1134
    1144
    1143
    1163
    1122
    1178
    1142
    1201
    1131
    1195
    1174
    1148
    1070
    1211
    1191
    1094
    1199
    1169
    1145
    1170
    1135
    1170
    1120
    1073
    1166
    1144
    1086
    1141
    1146
    1138
    1143
    1108
    1106
    1151
    1007
    1078
    1080
    1095
    1084
    1131
    1120
    1109
    1226
    1074
    1149
    1137
    1135
    1109
    1120
    1081
    1173
    1077
    1072
    1068
    1176
    1076
    1095
    1074
    1132
    1079
    1126
    1020
    1083
    1090
    1115
    1052
    1093
    1057
    1141
    1079
    1154
    1086
    1096
    1043
    1048
    1079
    1037
    1071
    1061
    1084
    1075
    1083
    1018
    1050
    1061
    1066
    1079
    1035
    1018
    1041
    1063
    1003
    1073
    1085
    1047
    1031
    1026
    1002
     976
    1048
    1024
    1009
    1015
     999
    1016
     996
     923
     949
     979
     929
     961
     925
     964
     933
     962
     979
     964
     985
     980
    1022
     939
     927
     978
     908
     990
     950
     876
     961
     917
     947
     984
     908
     894
     942
     920
     927
     915
     885
     901
     865
     968
     899
     891
     877
     933
     925
     873
     867
     930
     912
     892
     907
     887
     837
     932
     848
     905
     845
     933
     872
     860
     892
     885
     853
     887
     846
     891
     917
     884
     843
     902
     882
     877
     831
     888
     871
     872
     883
     861
     899
     913
     888
     803
     900
     891
     842
     900
     843
     924
     854
     875
     885
     873
     865
     845
     905
     939
     942
     906
     932
     874
     874
     945
     937
     899
     924
     942
     842
     920
     886
     899
     923
     901
     884
     916
     979
     941
     927
     877
     936
     953
     982
     954
     936
     928
     896
     904
     962
     946
     936
    1023
     998
     950
     922
     992
     994
     926
     988
    1054
     953
     961
     958
     982
     978
     912
     958
     947
     946
     944
     954
     961
     975
     898
     921
     993
     945
     918
     968
     899
     986
     955
     911
     917
     897
     922
     926
     958
     935
     878
     860
     926
     906
     885
     852
     908
     877
     869
     873
     985
     907
     803
     911
     872
     895
     888
     895
     841
     871
     846
     866
     844
     890
     897
     869
     853
     934
     836
     920
     858
     824
     833
     861
     853
     868
     836
     830
     864
     832
     872
     802
     784
     822
     808
     824
     785
     798
     771
     807
     763
     774
     791
     801
     785
     772
     731
     764
     715
     767
     723
     730
     743
     743
     708
     692
     740
     725
     722
     726
     683
     716
     699
     647
     714
     644
     656
     657
     654
     655
     649
     654
     668
     601
     689
     646
     626
     645
     653
     635
     641
     619
     612
     614
     604
     584
     602
     618
     590
     639
     635
     605
     619
     619
     675
     592
     635
     606
     597
     583
     620
     608
     594
     588
     610
     600
     595
     621
     583
     586
     582
     579
     612
     597
     623
     627
     598
     614
     575
     572
     642
     609
     636
     603
     620
     623
     617
     656
     622
     597
     620
     588
     627
     590
     622
     589
     599
     625
     630
     611
     631
     644
     617
     605
     590
     666
     596
     615
     667
     607
     642
     616
     625
     638
     667
     652
     618
     653
     673
     653
     595
     652
     651
     665
     609
     626
     664
     666
     741
     668
     638
     674
     657
     716
     677
     689
     649
     730
     675
     718
     718
     693
     741
     692
     700
     711
     694
     735
     698
     707
     680
     689
     666
     702
     723
     713
     677
     696
     688
     697
     712
     680
     692
     692
     693
     687
     742
     690
     698
     686
     649
     682
     679
     669
     649
     679
     691
     676
     701
     689
     655
     675
     703
     671
     653
     658
     625
     662
     684
     640
     635
     644
     648
     662
     626
     574
     614
     618
     632
     621
     617
     576
     618
     644
     636
     634
     601
     573
     578
     572
     580
     579
     625
     571
     585
     569
     564
     600
     548
     598
     546
     527
     529
     576
     528
     567
     617
     553
     597
     545
     565
     526
     556
     500
     543
     514
     549
     518
     574
     525
     523
     503
     497
     470
     533
     528
     510
     525
     527
     501
     504
     531
     477
     503
     463
     490
     528
     516
     484
     494
     492
     502
     477
     509
     472
     480
     529
     457
     463
     452
     489
     471
     491
     497
     457
     440
     485
     434
     481
     496
     463
     451
     406
     446
     453
     464
     433
     440
     483
     454
     414
     399
     433
     436
     460
     422
     435
     448
     452
     447
     399
     387
     424
     420
     411
     422
     403
     465
     389
     402
     386
     377
     378
     374
     429
     387
     411
     376
     346
     355
     351
     366
     343
     329
     364
     345
     350
     364
     344
     350
     357
     343
     350
     362
     363
     282
     326
     303
     346
     317
     374
     300
     325
     338
     322
     323
     319
     334
     334
     303
     302
     294
     330
     301
     296
     292
     300
     293
     264
     312
     318
     309
     256
     308
     292
     302
     291
     287
     299
     253
     302
     292
     273
     266
     312
     285
     287
     279
     274
     283
     268
     270
     283
     250
     266
     255
     284
     284
     246
     272
     282
     231
     283
     263
     242
     301
     260
     268
     279
     253
     285
     259
     275
     250
     303
     253
     276
     265
     261
     305
     269
     298
     288
     316
     257
     261
     299
     319
     279
     272
     247
     277
     274
     269
     316
     262
     284
     286
     286
     254
     289
     288
     281
     292
     305
     311
     302
     324
     288
     306
     300
     311
     298
     317
     322
     281
     322
     294
     316
     329
     316
     342
     323
     314
     340
     311
     342
     364
     399
     365
     338
     364
     368
     373
     390
     346
     358
     384
     373
     386
     393
     430
     429
     440
     435
     441
     435
     468
     470
     448
     478
     447
     479
     489
     513
     468
     503
     499
     572
     526
     526
     546
     586
     547
     564
     583
     569
     614
     632
     652
     692
     665
     718
     745
     698
     739
     738
     706
     726
     807
     750
     783
     781
     803
     795
     811
     793
     826
     859
     817
     845
     861
     905
     901
     865
     902
     915
     874
     904
     963
     920
     976
     983
     969
     913
     996
     972
     974
     944
     984
     949
     998
    1022
     958
    1003
    1006
     965
     982
     956
    1004
     997
     965
     933
     931
     900
     948
     951
     919
     943
     925
     903
     943
     904
     869
     868
     826
     848
     820
     831
     818
     811
     754
     800
     841
     772
     766
     717
     730
     699
     655
     640
     708
     630
     672
     652
     604
     630
     570
     593
     568
     566
     606
     546
     533
     483
     492
     496
     442
     436
     466
     429
     443
     437
     395
     435
     431
     410
     357
     382
     383
     338
     377
     311
     329
     360
     290
     283
     321
     308
     277
     277
     266
     277
     286
     245
     244
     241
     241
     215
     225
     191
     253
     234
     225
     209
     203
     201
     197
     197
     190
     192
     191
     191
     201
     178
     161
     171
     161
     165
     181
     179
     193
     164
     167
     158
     179
     183
     169
     162
     166
     182
     141
     160
     167
     179
     149
     153
     140
     158
     170
     161
     170
     161
     172
     143
     140
     168
     162
     136
     145
     163
     194
     157
     144
     151
     164
     167
     148
     177
     152
     168
     150
     168
     136
     173
     175
     147
     166
     143
     129
     161
     144
     148
     175
     154
     136
     143
     133
     139
     130
     145
     137
     137
     152
     137
     141
     113
     150
     154
     153
     155
     142
     131
     141
     139
     143
     138
     130
     132
     154
     154
     124
     122
     121
     145
     144
     134
     126
     131
     118
     157
     111
     126
     120
     143
     128
     135
     117
     115
     132
     127
     120
     113
     118
     126
     125
     120
     113
     120
     114
     146
     118
     115
     110
     143
     112
     114
     140
     113
     128
     122
     112
     119
     110
     114
     135
     119
     107
     126
     122
     115
     135
     100
     112
     108
     110
     124
     134
     100
     106
     124
     110
      99
     109
     111
     120
     115
     118
     100
     120
      83
       8
       0
       0
       0
       0
       0
       0
       0
       0
       0
       0
       0
       0
       0
       0
       0
       0
       0
       0
       0
       1
       0
       0
       0
       0
       0
       0
       0
       0
       0
       0
       0
       0
       0
       0
       0
       0
       0
       0
       0
       0
       0
       0
       0
       0
       0
       0
       0
       0
       0
       0
       0
       0
       0
       0
       0
       0
       0
       0
       0
       0
       0
       0
       0
       0
       0
       0
       0
       0
       0
       0
       0
       0
       0
       0
       0
       0
       0
       0